0 0.516640 0.790765 0.075487 0.226551
0 0.708495 0.319390 0.053285 0.088534
0 0.356674 0.777350 0.071707 0.228683
0 0.282482 0.314094 0.047022 0.066680
0 0.401021 0.404140 0.046424 0.095583
0 0.350885 0.408502 0.052447 0.102640
0 0.418405 0.303421 0.037996 0.101661
0 0.787511 0.316569 0.043939 0.084421
0 0.252489 0.406403 0.056620 0.118196
0 0.464718 0.304110 0.039509 0.101934
0 0.913828 0.230434 0.048260 0.046135
0 0.173540 0.402907 0.051973 0.108231
0 0.304294 0.177765 0.038830 0.050583
0 0.610234 0.310182 0.045441 0.100529
0 0.573167 0.415368 0.046108 0.124123
0 0.687948 0.166894 0.035298 0.048699
0 0.866023 0.418222 0.058149 0.113969
0 0.751326 0.177928 0.041451 0.047301
0 0.513965 0.155659 0.028570 0.064571
0 0.662750 0.313763 0.043698 0.095244
0 0.888447 0.192036 0.048424 0.039259
0 0.978708 0.356244 0.041532 0.052109
0 0.561722 0.305623 0.038330 0.095470
0 0.813768 0.129845 0.034434 0.039767
0 0.654393 0.164090 0.038099 0.048836
0 0.793024 0.094964 0.030733 0.037021
0 0.364694 0.170436 0.035924 0.053995
0 0.510204 0.408917 0.044047 0.125022
0 0.621532 0.158191 0.035056 0.067545
0 0.214640 0.770489 0.078463 0.211097
0 0.772455 0.066845 0.030923 0.041059
0 0.513958 0.297051 0.037841 0.087062
0 0.442118 0.163947 0.029008 0.051572
0 0.478683 0.159206 0.026914 0.046011
0 0.107549 0.731602 0.049513 0.191919
0 0.915990 0.720058 0.064123 0.171717
0 0.970373 0.696970 0.059253 0.191919
0 0.059659 0.719336 0.047890 0.158730
0 0.161526 0.733045 0.058442 0.200577