0 0.328521 0.314280 0.048043 0.079559
0 0.248470 0.421108 0.051122 0.103755
0 0.297342 0.413703 0.052626 0.113356
0 0.564515 0.300049 0.042323 0.075640
0 0.514470 0.306468 0.038359 0.075820
0 0.406163 0.403036 0.052082 0.113233
0 0.348579 0.413006 0.049358 0.114603
0 0.860608 0.411504 0.059814 0.111951
0 0.290847 0.312473 0.044409 0.073935
0 0.466154 0.303022 0.037413 0.073330
0 0.625067 0.401259 0.051577 0.123384
0 0.418741 0.307842 0.041388 0.076901
0 0.515208 0.779927 0.064766 0.200601
0 0.699814 0.308924 0.047418 0.069420
0 0.373127 0.308951 0.043887 0.078541
0 0.656140 0.304032 0.046814 0.093960
0 0.981239 0.354546 0.037522 0.062055
0 0.679169 0.405963 0.053150 0.108889
0 0.774787 0.397462 0.053272 0.098780
0 0.067224 0.724119 0.066351 0.157022
0 0.818387 0.399765 0.053807 0.101497
0 0.155497 0.751743 0.075233 0.199692
0 0.353013 0.775017 0.074157 0.212826
0 0.974492 0.398534 0.051016 0.085326
0 0.725031 0.178861 0.038638 0.059690
0 0.212707 0.769779 0.074903 0.204524
0 0.305496 0.178508 0.031865 0.049657
0 0.687823 0.167968 0.037683 0.046942
0 0.587943 0.166104 0.035172 0.053238
0 0.378515 0.408675 0.098517 0.113324
0 0.441491 0.156269 0.026249 0.064804
0 0.335361 0.169710 0.028981 0.055839