0 0.292559 0.311153 0.045823 0.072068
0 0.774294 0.406718 0.056415 0.120234
0 0.418049 0.306014 0.044444 0.076657
0 0.635795 0.169238 0.037395 0.050084
0 0.372048 0.303653 0.042118 0.076696
0 0.330357 0.309440 0.045555 0.086351
0 0.400193 0.401741 0.047289 0.112969
0 0.682991 0.410377 0.054945 0.113175
0 0.270426 0.179882 0.033790 0.061259
0 0.255375 0.417530 0.060988 0.117472
0 0.978084 0.352377 0.040551 0.054594
0 0.826826 0.419080 0.048489 0.106298
0 0.756558 0.173620 0.034230 0.058599
0 0.626636 0.402681 0.054139 0.127205
0 0.658398 0.304398 0.049403 0.104503
0 0.467616 0.294993 0.036403 0.084770
0 0.334071 0.177198 0.033759 0.060392
0 0.516211 0.285213 0.037948 0.052488
0 0.169031 0.414636 0.055306 0.119102
0 0.305087 0.174235 0.037365 0.060986
0 0.369176 0.173908 0.035281 0.056080
0 0.565620 0.304371 0.040198 0.086575
0 0.515872 0.154351 0.026856 0.060910
0 0.406560 0.162756 0.033044 0.058660
0 0.573586 0.404257 0.046088 0.110490