0 0.427174 0.787266 0.068289 0.222765
0 0.352443 0.402912 0.050268 0.106285
0 0.417226 0.306762 0.044041 0.080192
0 0.468565 0.300077 0.038520 0.093931
0 0.658200 0.168269 0.040195 0.053594
0 0.292430 0.312375 0.045511 0.073134
0 0.253943 0.417155 0.061209 0.120198
0 0.521385 0.801612 0.067190 0.220760
0 0.219160 0.748975 0.070327 0.191170
0 0.730440 0.415189 0.057823 0.096596
0 0.331363 0.310153 0.048191 0.087072
0 0.755708 0.174569 0.035379 0.058950
0 0.372172 0.305701 0.041482 0.078868
0 0.566323 0.310242 0.042570 0.094393
0 0.692788 0.164972 0.036502 0.061699
0 0.401861 0.400865 0.046866 0.115285
0 0.825182 0.166724 0.039737 0.060931
0 0.627351 0.403193 0.053517 0.128294
0 0.658276 0.305839 0.047846 0.104817
0 0.787492 0.316448 0.059905 0.082965
0 0.282950 0.770590 0.075158 0.213787
0 0.776245 0.406657 0.055092 0.117936
0 0.403971 0.171708 0.030151 0.059498
0 0.716569 0.316997 0.056334 0.085137
0 0.304118 0.176437 0.033106 0.061452
0 0.824856 0.417914 0.052049 0.109185
0 0.726244 0.170207 0.031644 0.057460
0 0.743605 0.315835 0.047898 0.079374
0 0.879353 0.745927 0.073807 0.183638
0 0.818253 0.763033 0.080979 0.193953
0 0.969146 0.720431 0.061708 0.170902
0 0.107712 0.734531 0.061646 0.170054
0 0.270619 0.181253 0.034285 0.061739
0 0.057294 0.739059 0.068644 0.161420
0 0.338160 0.168908 0.034370 0.064701
0 0.154871 0.752632 0.072558 0.189273
0 0.825451 0.321369 0.049569 0.076216
0 0.596510 0.164387 0.031148 0.051263
0 0.516016 0.286503 0.036221 0.055584
0 0.516143 0.155293 0.026506 0.063184
0 0.927520 0.728465 0.076420 0.177856
0 0.556944 0.159367 0.030337 0.053168
0 0.747823 0.781640 0.075877 0.195083
0 0.628840 0.163430 0.030997 0.050267
0 0.607143 0.790043 0.073052 0.253968
0 0.680601 0.790765 0.081981 0.212121
0 0.518669 0.410534 0.060065 0.135642