0 0.166442 0.425169 0.052109 0.115829
0 0.597675 0.760858 0.063876 0.202368
0 0.909036 0.367690 0.056645 0.082081
0 0.791391 0.332219 0.049887 0.083252
0 0.557501 0.308213 0.041890 0.073969
0 0.628712 0.401014 0.050804 0.116923
0 0.297825 0.410386 0.052563 0.114247
0 0.221184 0.775542 0.087053 0.197803
0 0.782666 0.420072 0.054421 0.109545
0 0.982748 0.358888 0.034504 0.053623
0 0.508681 0.299401 0.036528 0.066854
0 0.730519 0.399950 0.057956 0.120719
0 0.879255 0.760668 0.074145 0.166589
0 0.403717 0.398130 0.050206 0.097113
0 0.104813 0.742695 0.095158 0.199747
0 0.754701 0.769746 0.073476 0.210359
0 0.219284 0.115458 0.035515 0.031644
0 0.684107 0.771975 0.064148 0.194759
0 0.706192 0.302127 0.046764 0.101587
0 0.351098 0.400367 0.050314 0.102599
0 0.814969 0.187283 0.040823 0.049523
0 0.404561 0.165623 0.033710 0.051422
0 0.755675 0.180301 0.040789 0.062594
0 0.901340 0.198822 0.040991 0.045055
0 0.287535 0.314012 0.047555 0.086082
0 0.590807 0.164597 0.032821 0.048330
0 0.478586 0.164955 0.029912 0.053700
0 0.658015 0.168292 0.040964 0.052718
0 0.929363 0.747513 0.068450 0.161111
0 0.440484 0.789363 0.064724 0.219994
0 0.053528 0.738645 0.064542 0.160747
0 0.855591 0.225337 0.036382 0.059683