0 0.282726 0.314850 0.045439 0.068133
0 0.372158 0.313569 0.043457 0.089537
0 0.323845 0.316063 0.045176 0.077508
0 0.726009 0.398064 0.056970 0.094078
0 0.684055 0.407290 0.055628 0.121318
0 0.440574 0.163472 0.032666 0.049127
0 0.789128 0.324839 0.051090 0.093416
0 0.701979 0.313170 0.045665 0.076536
0 0.417552 0.308610 0.039319 0.091713
0 0.979910 0.353147 0.039352 0.049947
0 0.399656 0.395433 0.046765 0.120723
0 0.455427 0.404958 0.046404 0.124484
0 0.747856 0.322182 0.051003 0.092549
0 0.653021 0.165313 0.040060 0.049275
0 0.514567 0.401788 0.044160 0.131737
0 0.171518 0.421076 0.052857 0.080623
0 0.618940 0.162768 0.031487 0.052076
0 0.560201 0.287215 0.034388 0.058165
0 0.657618 0.306280 0.040914 0.088388
0 0.368775 0.164678 0.035387 0.063362
0 0.611936 0.310065 0.042980 0.100212
0 0.280390 0.790645 0.072196 0.201477
0 0.477666 0.163395 0.030381 0.062493
0 0.861558 0.404907 0.066755 0.143458
0 0.336175 0.174065 0.032353 0.047052
0 0.756600 0.180543 0.037765 0.044958
0 0.276759 0.180729 0.032715 0.051562
0 0.727942 0.175380 0.036205 0.058227
0 0.551965 0.159498 0.031243 0.053618
0 0.568251 0.364893 0.056064 0.202618
0 0.514327 0.159441 0.027412 0.056521
0 0.304101 0.179195 0.037428 0.049101
0 0.463543 0.303903 0.036641 0.075962
0 0.428403 0.777157 0.066658 0.199444
0 0.721816 0.318551 0.074570 0.083449
0 0.350895 0.771004 0.073000 0.198296
0 0.885598 0.193065 0.048727 0.040252
0 0.750310 0.779338 0.076434 0.209548
0 0.460315 0.163301 0.071434 0.056127
0 0.965020 0.707379 0.069960 0.155800
0 0.064935 0.723665 0.047078 0.164502
0 0.148133 0.734488 0.047890 0.217893
0 0.212256 0.760462 0.051136 0.226551
0 0.595373 0.762626 0.073864 0.196248