0 0.348384 0.403962 0.049159 0.101872
0 0.296910 0.409713 0.051563 0.108337
0 0.250889 0.418296 0.054614 0.118585
0 0.373353 0.301650 0.041499 0.079301
0 0.323743 0.309420 0.047066 0.091509
0 0.421526 0.297311 0.039137 0.074046
0 0.286263 0.311836 0.045573 0.086664
0 0.450280 0.065677 0.051566 0.029489
0 0.441059 0.158209 0.032926 0.054985
0 0.476933 0.163781 0.028909 0.052108
0 0.210448 0.775419 0.074480 0.169083
0 0.264102 0.192788 0.036288 0.055540
0 0.553711 0.154185 0.034866 0.061343
0 0.331550 0.173087 0.029076 0.047407
0 0.605063 0.016190 0.033470 0.032380
0 0.405720 0.157825 0.031504 0.059360
0 0.507606 0.160980 0.037879 0.045044
0 0.519555 0.769213 0.060561 0.211173
0 0.825081 0.427850 0.067370 0.141414
0 0.370536 0.162338 0.033279 0.069264
0 0.301136 0.176046 0.029221 0.070707